000001      1
000002      2
000003      3
000004      4
000005      5
000006      6
000007      7
000008      8
000009      9
000010     10
000011     11
000012     12
000013     13
000014     14
000015     15
000016     16
000017     17
000018     18
000020     20
000021     21
000022     22
000023     23
000024     24
000025     25
000026     26
000028     28
000029     29
000030     30
000031     31
000032     32
000033     33
000034     34
000035     35
000036     36
000037     37
000039     39
000040     40
000042     42
000044     44
000047     47
000048     48
000050     50
000052     52
000056     56
000059     59
000060     60
000062     62
000063     63
000064     64
000065     65
000066     66
000068     68
000070     70
000072     72
000075     75
000076     76
000077     77
000080     80
000081     81
000084     84
000088     88
000090     90
000092     92
000095     95
000096     96
000098     98
000100    100
000104    104
000105    105
000112    112
000113    113
000115    115
000116    116
000120    120
000122    122
000124    124
000126    126
000127    127
000128    128
000129    129
000132    132
000135    135
000136    136
000140    140
000144    144
000152    152
000156    156
000159    159
000160    160
000161    161
000164    164
000168    168
000176    176
000184    184
000188    188
000191    191
000192    192
000200    200
000203    203
000208    208
000216    216
000223    223
000224    224
000226    226
000232    232
000234    234
000236    236
000238    238
000239    239
000240    240
000244    244
000248    248
000252    252
000254    254
000255    255
000256    256
000257    257
000260    260
000264    264
000272    272
000288    288
000320    320
000328    328
000352    352
000360    360
000368    368
000372    372
000384    384
000416    416
000448    448
000472    472
000480    480
000482    482
000496    496
000510    510
000511    511
000512    512
000544    544
000560    560
000575    575
000576    576
000592    592
000604    604
000608    608
000640    640
000641    641
000704    704
000736    736
000764    764
000767    767
000768    768
000769    769
000776    776
000800    800
000816    816
000832    832
000864    864
000896    896
000928    928
000956    956
000968    968
000976    976
000992    992
001008   1008
001023   1023
001024   1024
001056   1056
001088   1088
001152   1152
001216   1216
001279   1279
001280   1280
001360   1360
001408   1408
001535   1535
001536   1536
001568   1568
001664   1664
001728   1728
001792   1792
001793   1793
001824   1824
001952   1952
001984   1984
002047   2047
002048   2048
002112   2112
002176   2176
002192   2192
002304   2304
002452   2452
002559   2559
002560   2560
002688   2688
002816   2816
002817   2817
003072   3072
003104   3104
003328   3328
003332   3332
003521   3521
003584   3584
003664   3664
003840   3840
003841   3841
003856   3856
003936   3936
004032   4032
004080   4080
004095   4095
004096   4096
004352   4352
004520   4520
004608   4608
004671   4671
004864   4864
005120   5120
005248   5248
005376   5376
005632   5632
005888   5888
006144   6144
006400   6400
006656   6656
006912   6912
007168   7168
007424   7424
007616   7616
007648   7648
007680   7680
007937   7937
008065   8065
008192   8192
008448   8448
008704   8704
009728   9728
010240  10240
010752  10752
011264  11264
012288  12288
012800  12800
013568  13568
014336  14336
014592  14592
014848  14848
015360  15360
015616  15616
016382  16382
016383  16383
016384  16384
018432  18432
020480  20480
022528  22528
023552  23552
024320  24320
024448  24448
024576  24576
026624  26624
028672  28672
029184  29184
030720  30720
032768  32768
036864  36864
040960  40960
045056  45056
049152  49152
057344  57344
065536  65536
098304  98304
131072 131072
196608 196608
204800 204800
262144 262144
458752 458752
524288 524288
